2 0.4625 0.6078125 0.5609375 0.29609375
2 0.2359375 0.8296875 0.278125 0.1640625
2 0.6953125 0.7984375 0.37265625 0.178125
2 0.93125 0.625 0.1375 0.165625
2 0.17578125 0.209375 0.16796875 0.15234375
2 0.33125 0.09375 0.1984375 0.1265625
2 0.2921875 0.3015625 0.19609375 0.09453125
2 0.63515625 0.26875 0.2515625 0.14921875
2 0.8703125 0.16015625 0.2015625 0.15390625
2 0.7125 0.4328125 0.23046875 0.1234375
2 0.4546875 0.39296875 0.225 0.1171875
2 0.3984375 0.1609375 0.21328125 0.084375
2 0.92890625 0.37109375 0.14140625 0.1265625