0 0.18046875 0.64140625 0.2640625 0.15703125
0 0.43125 0.53125 0.2875 0.1359375
0 0.3890625 0.7765625 0.07421875 0.10859375
0 0.19140625 0.85625 0.23828125 0.20234375
0 0.5 0.85078125 0.27109375 0.096875
0 0.8859375 0.62734375 0.18203125 0.29765625
0 0.90546875 0.53359375 0.175 0.31953125
0 0.878125 0.2 0.18359375 0.2859375
0 0.75703125 0.13125 0.21640625 0.13671875
0 0.39765625 0.39375 0.2578125 0.13984375
0 0.59921875 0.4578125 0.29453125 0.1640625
0 0.7640625 0.60546875 0.07734375 0.3296875
0 0.64765625 0.846875 0.1375 0.26015625
0 0.11484375 0.053125 0.21796875 0.0875
0 0.57109375 0.15546875 0.19296875 0.228125
0 0.146875 0.7421875 0.1265625 0.16171875
0 0.3984375 0.63046875 0.12109375 0.1265625